<?xml version="1.0"?>
<opencv_storage>
<RGBDT_transmat type_id="opencv-matrix">
  <rows>3</rows>
  <cols>3</cols>
  <dt>f</dt>
  <data>
    8.21509957e-01 -9.51919556e-02 2.68944092e+01 5.65040708e-02
    7.67334938e-01 2.09625244e+01 -4.19095159e-09 1.49011612e-08 1.</data></RGBDT_transmat>
</opencv_storage>
